000002
000003
000004
000005
000008
000009
000011
000015
000016
000017
000018
000019
000022
000023
000025
000027
000028
000029
000032
000034
000035
000037
000042
000044
000045
000047
000048
000049
000050
000051
000053
000056
000057
000058
000059
000061
000062
000063
000067
000070
000071
000072
000073
000076
000077
000078
000079
000081
000083
000085
000087
000089
000090
000091
000092
000095
000099
000100
000101
000102
000103
000105
000108
000109
000110
000111
000113
000114
000115
000117
000120
000121
000122
000123
000124
000126
000127
000128
000130
000132
000135
000136
000137
000138
000139
000141
000143
000144
000145
000146
000147
000149
000152
000153
000154
000155
000156
000161
000162
000167
000168
000170
000171
000172
000174
000175
000177
000179
000180
000183
000184
000185
000186
000188
000189
000192
000194
000196
000198
000199
000200
000201
000202
000203
000205
000206
000208
000209
000210
000211
000213
000214
000215
000216
000218
000220
000222
000223
000226
000227
000230
000231
000233
000234
000236
000242
000243
000244
000251
000253
000254
000256
000259
000260
000261
000265
000266
000267
000269
000270
000271
000272
000274
000275
000276
000278
000280
000281
000282
000283
000284
000288
000289
000290
000291
000292
000293
000295
000296
000300
000301
000302
000304
000305
000306
000309
000310
000315
000317
000321
000322
000326
000327
000328
000329
000331
000332
000335
000337
000340
000343
000345
000348
000349
000350
000352
000354
000355
000356
000362
000366
000370
000371
000372
000374
000375
000382
000384
000386
000388
000389
000391
000392
000393
000394
000395
000396
000397
000398
000399
000400
000402
000406
000407
000410
000412
000414
000416
000418
000424
000425
000428
000429
000431
000432
000435
000436
000437
000438
000439
000440
000441
000444
000446
000447
000451
000453
000456
000458
000459
000463
000465
000466
000468
000469
000470
000473
000476
000477
000478
000479
000483
000484
000487
000488
000490
000493
000495
000496
000497
000499
000503
000507
000508
000512
000513
000516
000517
000518
000519
000520
000522
000525
000526
000527
000529
000531
000532
000533
000534
000535
000536
000537
000538
000542
000544
000545
000548
000554
000555
000556
000557
000561
000562
000566
000568
000569
000571
000572
000574
000575
000576
000578
000580
000581
000582
000583
000585
000588
000589
000593
000594
000595
000596
000597
000598
000599
000600
000601
000603
000605
000606
000607
000608
000609
000612
000614
000616
000617
000619
000620
000622
000624
000625
000627
000630
000633
000635
000636
000637
000640
000642
000644
000646
000648
000651
000652
000654
000655
000656
000658
000659
000660
000661
000662
000664
000677
000679
000680
000686
000688
000689
000690
000692
000693
000694
000695
000696
000697
000702
000703
000704
000705
000706
000707
000708
000709
000712
000714
000715
000717
000718
000721
000725
000728
000729
000733
000734
000735
000736
000738
000747
000749
000750
000754
000758
000759
000762
000764
000765
000767
000768
000772
000774
000775
000776
000777
000778
000780
000781
000782
000783
000786
000788
000789
000790
000792
000793
000794
000795
000796
000798
000801
000807
000808
000809
000812
000813
000815
000816
000820
000821
000822
000823
000826
000831
000832
000833
000834
000835
000837
000840
000841
000842
000843
000846
000847
000849
000850
000853
000854
000856
000857
000858
000864
000865
000869
000871
000872
000873
000875
000877
000878
000879
000880
000882
000883
000884
000887
000889
000890
000891
000893
000897
000898
000899
000900
000901
000902
000903
000904
000905
000909
000910
000911
000914
000915
000916
000918
000920
000922
000924
000925
000926
000927
000928
000930
000931
000932
000933
000937
000938
000939
000941
000942
000944
000945
000946
000947
000948
000951
000952
000953
000957
000959
000962
000963
000964
000965
000967
000970
000973
000975
000976
000977
000980
000984
000985
000987
000989
000990
000991
000992
000995
000997
000998
000999
001000
001001
001004
001009
001010
001011
001014
001015
001016
001018
001019
001023
001024
001026
001030
001031
001032
001033
001035
001037
001038
001039
001040
001041
001042
001043
001045
001046
001047
001050
001053
001055
001056
001057
001058
001060
001061
001063
001066
001067
001071
001073
001075
001076
001077
001078
001079
001080
001084
